27 0 1398568

 0  0 20 12 11 66 84 80  1 55  9 21 12 65  7 17 51 84 87  2 27 82 71 71 40 93 27
 0  0 93 92 34 39 31 26  1 87 72 59 97 46 62 12 91 63 70  1 22 49 24 58 62 49 94
20 93  0 92 63 13 45 22 69 70 18  1 44 32  3 72 99 34 45 18 96 82 79 75 83 43 26
12 92 92  0 81 39 66 22 71 58 42 91 56 27 56 28 64 98 69 69 93 35 41 67 12 33  1
11 34 63 81  0 71 72 26 86 67 67 24 10 46 56 56 69 53 48 74 43 94 29 64 97 38 12
66 39 13 39 71  0 99 51 87 76 71 47 47  9 71 20 81 99 45 56 15 99 64 57 84 83 61
84 31 45 66 72 99  0 25 41  8 46 52 22 33 68 52 28 75 99  6 85 65 47 90 24 79 70
80 26 22 22 26 51 25  0 28 19 87 80  4 21 34 12 20 67 24 94 10 64 52 92 49 68 65
 1  1 69 71 86 87 41 28  0 66 28 81 17 58 99 90 70 17 57 37  2 37  3 43 20 68 35
55 87 70 58 67 76  8 19 66  0 60 23 48 40 10 42 83 82 27 49 15 34 50 42 26 33 23
 9 72 18 42 67 71 46 87 28 60  0 16 69 97 13 35 80 40 55 30 22 76 55 56 91 74 82
21 59  1 91 24 47 52 80 81 23 16  0 96  2 13  4  4 35 48 29 42 56  3 30 60 81 37
12 97 44 56 10 47 22  4 17 48 69 96  0 42  3 17 25 37 26 88 95 55 53 62 22 44 86
65 46 32 27 46  9 33 21 58 40 97  2 42  0 43 43 40 36 53 34 59 43 50 58 62 43  9
 7 62  3 56 56 71 68 34 99 10 13 13  3 43  0 22 64 46 68 53  8 30 30 92  6 13 95
17 12 72 28 56 20 52 12 90 42 35  4 17 43 22  0 76 81 91 37 78 90 64 49 46 19 60
51 91 99 64 69 81 28 20 70 83 80  4 25 40 64 76  0 93 35 47 69 54 87 12 39 33 54
84 63 34 98 53 99 75 67 17 82 40 35 37 36 46 81 93  0 12 10  4 88 54 46 82 84  8
87 70 45 69 48 45 99 24 57 27 55 48 26 53 68 91 35 12  0 29 10 92 62 62 74 48 22
 2  1 18 69 74 56  6 94 37 49 30 29 88 34 53 37 47 10 29  0 85 23  3 30 12 98 69
27 22 96 93 43 15 85 10  2 15 22 42 95 59  8 78 69  4 10 85  0 29 61 34 53 98 94
82 49 82 35 94 99 65 64 37 34 76 56 55 43 30 90 54 88 92 23 29  0 33 77 31 54 71
71 24 79 41 29 64 47 52  3 50 55  3 53 50 30 64 87 54 62  3 61 33  0 78  8 78 50
71 58 75 67 64 57 90 92 43 42 56 30 62 58 92 49 12 46 62 30 34 77 78  0 76 56 80
40 62 83 12 97 84 24 49 20 26 91 60 22 62  6 46 39 82 74 12 53 31  8 76  0 72 26
93 49 43 33 38 83 79 68 68 33 74 81 44 43 13 19 33 84 48 98 98 54 78 56 72  0 20
27 94 26  1 12 61 70 65 35 23 82 37 86  9 95 60 54  8 22 69 94 71 50 80 26 20  0

 0 21 95 82 56 41  6 25 10  4 63  6 44 40 75 79  0 89 35  9  1 85 84 12  0 26 91
21  0 11 35 82 26 69 56 86 45 91 59 18 76 39 18 57 36 61 36 21 71 11 29 82 82  6
95 11  0 71  8 77 74 30 89 76 76 40 93 56  1 50  4 36 27 85  2  1 15 11 35 11 20
82 35 71  0 21 61 80 58 21 76 72 44 85 94 90 51  3 48 29 90 66 41 15 83 96 74 45
56 82  8 21  0 65 40 54 83 14 71 77 36 53 37 26 87 76 91 13 29 11 77 32 87 67 94
41 26 77 61 65  0 79  2 10 99 56 70 99 60  4 56  2 60 72 74 46 13 20 86  4 77 15
 6 69 74 80 40 79  0 89 48 14 89 44 59 22 57 63  6  0 62 41 62 46 25 75 76 40 66
25 56 30 58 54  2 89  0 58 30 68 78 91 13 59 49 85 84  8 38 41 56 39 53 77 50 30
10 86 89 21 83 10 48 58  0 58 55 19 85 52 34 53 40 69 12 85 72  7 49 46 87 58 17
 4 45 76 76 14 99 14 30 58  0 68 27 21  6 67 26 82 44 35  3 62  8 51  1 91 39 87
63 91 76 72 71 56 89 68 55 68  0 72 45 96  7 87 68 33  3 21 90 45 47 25 30 43 97
 6 59 40 44 77 70 44 78 19 27 72  0 33 35 61 42 36 43  7 84  6  0  0 48 62 59 29
44 18 93 85 36 99 59 91 85 21 45 33  0 94 82 29  3  3 51 67 39 15 66 42 23 62 62
40 76 56 94 53 60 22 13 52  6 96 35 94  0 28 76 66 82 98 35 15 17 77 44 26 76 86
75 39  1 90 37  4 57 59 34 67  7 61 82 28  0 60 62 62 83 91 57 62 36  2  2 43 65
79 18 50 51 26 56 63 49 53 26 87 42 29 76 60  0 37 49 61  5 34 53 96 82 48 28 31
 0 57  4  3 87  2  6 85 40 82 68 36  3 66 62 37  0 75  1 95  7 92 69 62 32 97  5
89 36 36 48 76 60  0 84 69 44 33 43  3 82 62 49 75  0 39 50 82 93 71 35 14 20 74
35 61 27 29 91 72 62  8 12 35  3  7 51 98 83 61  1 39  0 49 50 37 79 19 51 70 42
 9 36 85 90 13 74 41 38 85  3 21 84 67 35 91  5 95 50 49  0 26 79 98 60 35  9 96
 1 21  2 66 29 46 62 41 72 62 90  6 39 15 57 34  7 82 50 26  0 70 21 37 37 67 93
85 71  1 41 11 13 46 56  7  8 45  0 15 17 62 53 92 93 37 79 70  0 93 39  2 52 26
84 11 15 15 77 20 25 39 49 51 47  0 66 77 36 96 69 71 79 98 21 93  0 90 26  1 68
12 29 11 83 32 86 75 53 46  1 25 48 42 44  2 82 62 35 19 60 37 39 90  0 93  7 94
 0 82 35 96 87  4 76 77 87 91 30 62 23 26  2 48 32 14 51 35 37  2 26 93  0 19 54
26 82 11 74 67 77 40 50 58 39 43 59 62 76 43 28 97 20 70  9 67 52  1  7 19  0 37
91  6 20 45 94 15 66 30 17 87 97 29 62 86 65 31  5 74 42 96 93 26 68 94 54 37  0
