21 0 781678

 0 51  1 91 39 87 72 45 96  7 87 68 33  3 21 90 45 47 25 30 43
51  0 97 33 35 61 42 36 43  7 84  6  0  0 48 62 59 29 94 82 29
 1 97  0  3  3 51 67 39 15 66 42 23 62 62 28 76 66 82 98 35 15
91 33  3  0 17 77 44 26 76 86 60 62 62 83 91 57 62 36  2  2 43
39 35  3 17  0 65 37 49 61  5 34 53 96 82 48 28 31 75  1 95  7
87 61 51 77 65  0 92 69 62 32 97  5 39 50 82 93 71 35 14 20 74
72 42 67 44 37 92  0 49 50 37 79 19 51 70 42 26 79 98 60 35  9
45 36 39 26 49 69 49  0 96 70 21 37 37 67 93 93 39  2 52 26 90
96 43 15 76 61 62 50 96  0 26  1 68 93  7 94 19 54 37  0 20 12
 7  7 66 86  5 32 37 70 26  0 11 66 84 80  1 55  9 21 12 65  7
87 84 42 60 34 97 79 21  1 11  0 17 51 84 87  2 27 82 71 71 40
68  6 23 62 53  5 19 37 68 66 17  0 93 27 93 92 34 39 31 26  1
33  0 62 62 96 39 51 37 93 84 51 93  0 87 72 59 97 46 62 12 91
 3  0 62 83 82 50 70 67  7 80 84 27 87  0 63 70  1 22 49 24 58
21 48 28 91 48 82 42 93 94  1 87 93 72 63  0 62 49 94 92 63 13
90 62 76 57 28 93 26 93 19 55  2 92 59 70 62  0 45 22 69 70 18
45 59 66 62 31 71 79 39 54  9 27 34 97  1 49 45  0  1 44 32  3
47 29 82 36 75 35 98  2 37 21 82 39 46 22 94 22  1  0 72 99 34
25 94 98  2  1 14 60 52  0 12 71 31 62 49 92 69 44 72  0 45 18
30 82 35  2 95 20 35 26 20 65 71 26 12 24 63 70 32 99 45  0 96
43 29 15 43  7 74  9 90 12  7 40  1 91 58 13 18  3 34 18 96  0

 0 21 95 82 56 41  6 25 10  4 63  6 44 40 75 79  0 89 35  9  1
21  0 85 84 12  0 26 91 11 35 82 26 69 56 86 45 91 59 18 76 39
95 85  0 18 57 36 61 36 21 71 11 29 82 82  6 71  8 77 74 30 89
82 84 18  0 76 76 40 93 56  1 50  4 36 27 85  2  1 15 11 35 11
56 12 57 76  0 20 21 61 80 58 21 76 72 44 85 94 90 51  3 48 29
41  0 36 76 20  0 90 66 41 15 83 96 74 45 65 40 54 83 14 71 77
 6 26 61 40 21 90  0 36 53 37 26 87 76 91 13 29 11 77 32 87 67
25 91 36 93 61 66 36  0 94 79  2 10 99 56 70 99 60  4 56  2 60
10 11 21 56 80 41 53 94  0 72 74 46 13 20 86  4 77 15 89 48 14
 4 35 71  1 58 15 37 79 72  0 89 44 59 22 57 63  6  0 62 41 62
63 82 11 50 21 83 26  2 74 89  0 46 25 75 76 40 66 58 30 68 78
 6 26 29  4 76 96 87 10 46 44 46  0 91 13 59 49 85 84  8 38 41
44 69 82 36 72 74 76 99 13 59 25 91  0 56 39 53 77 50 30 58 55
40 56 82 27 44 45 91 56 20 22 75 13 56  0 19 85 52 34 53 40 69
75 86  6 85 85 65 13 70 86 57 76 59 39 19  0 12 85 72  7 49 46
79 45 71  2 94 40 29 99  4 63 40 49 53 85 12  0 87 58 17 68 27
 0 91  8  1 90 54 11 60 77  6 66 85 77 52 85 87  0 21  6 67 26
89 59 77 15 51 83 77  4 15  0 58 84 50 34 72 58 21  0 82 44 35
35 18 74 11  3 14 32 56 89 62 30  8 30 53  7 17  6 82  0  3 62
 9 76 30 35 48 71 87  2 48 41 68 38 58 40 49 68 67 44  3  0  8
 1 39 89 11 29 77 67 60 14 62 78 41 55 69 46 27 26 35 62  8  0
