24 0 1101310

 0 83 91 57 62 36  2  2 43 65 37 49 61  5 34 53 96 82 48 28 31 75  1 95
83  0  7 92 69 62 32 97  5 39 50 82 93 71 35 14 20 74 49 50 37 79 19 51
91  7  0 70 42 26 79 98 60 35  9 96 70 21 37 37 67 93 93 39  2 52 26 90
57 92 70  0 26  1 68 93  7 94 19 54 37  0 20 12 11 66 84 80  1 55  9 21
62 69 42 26  0 12 65  7 17 51 84 87  2 27 82 71 71 40 93 27 93 92 34 39
36 62 26  1 12  0 31 26  1 87 72 59 97 46 62 12 91 63 70  1 22 49 24 58
 2 32 79 68 65 31  0 62 49 94 92 63 13 45 22 69 70 18  1 44 32  3 72 99
 2 97 98 93  7 26 62  0 34 45 18 96 82 79 75 83 43 26 81 39 66 22 71 58
43  5 60  7 17  1 49 34  0 42 91 56 27 56 28 64 98 69 69 93 35 41 67 12
65 39 35 94 51 87 94 45 42  0 33  1 71 72 26 86 67 67 24 10 46 56 56 69
37 50  9 19 84 72 92 18 91 33  0 53 48 74 43 94 29 64 97 38 12 99 51 87
49 82 96 54 87 59 63 96 56  1 53  0 76 71 47 47  9 71 20 81 99 45 56 15
61 93 70 37  2 97 13 82 27 71 48 76  0 99 64 57 84 83 61 25 41  8 46 52
 5 71 21  0 27 46 45 79 56 72 74 71 99  0 22 33 68 52 28 75 99  6 85 65
34 35 37 20 82 62 22 75 28 26 43 47 64 22  0 47 90 24 79 70 28 19 87 80
53 14 37 12 71 12 69 83 64 86 94 47 57 33 47  0  4 21 34 12 20 67 24 94
96 20 67 11 71 91 70 43 98 67 29  9 84 68 90  4  0 10 64 52 92 49 68 65
82 74 93 66 40 63 18 26 69 67 64 71 83 52 24 21 10  0 66 28 81 17 58 99
48 49 93 84 93 70  1 81 69 24 97 20 61 28 79 34 64 66  0 90 70 17 57 37
28 50 39 80 27  1 44 39 93 10 38 81 25 75 70 12 52 28 90  0  2 37  3 43
31 37  2  1 93 22 32 66 35 46 12 99 41 99 28 20 92 81 70  2  0 20 68 35
75 79 52 55 92 49  3 22 41 56 99 45  8  6 19 67 49 17 17 37 20  0 60 23
 1 19 26  9 34 24 72 71 67 56 51 56 46 85 87 24 68 58 57  3 68 60  0 48
95 51 90 21 39 58 99 58 12 69 87 15 52 65 80 94 65 99 37 43 35 23 48  0

 0 21 95 82 56 41  6 25 10  4 63  6 44 40 75 79  0 89 35  9  1 85 84 12
21  0  0 26 91 11 35 82 26 69 56 86 45 91 59 18 76 39 18 57 36 61 36 21
95  0  0 71 11 29 82 82  6 71  8 77 74 30 89 76 76 40 93 56  1 50  4 36
82 26 71  0 27 85  2  1 15 11 35 11 20 21 61 80 58 21 76 72 44 85 94 90
56 91 11 27  0 51  3 48 29 90 66 41 15 83 96 74 45 65 40 54 83 14 71 77
41 11 29 85 51  0 36 53 37 26 87 76 91 13 29 11 77 32 87 67 94 79  2 10
 6 35 82  2  3 36  0 99 56 70 99 60  4 56  2 60 72 74 46 13 20 86  4 77
25 82 82  1 48 53 99  0 15 89 48 14 89 44 59 22 57 63  6  0 62 41 62 46
10 26  6 15 29 37 56 15  0 25 75 76 40 66 58 30 68 78 91 13 59 49 85 84
 4 69 71 11 90 26 70 89 25  0  8 38 41 56 39 53 77 50 30 58 55 19 85 52
63 56  8 35 66 87 99 48 75  8  0 34 53 40 69 12 85 72  7 49 46 87 58 17
 6 86 77 11 41 76 60 14 76 38 34  0 68 27 21  6 67 26 82 44 35  3 62  8
44 45 74 20 15 91  4 89 40 41 53 68  0 51  1 91 39 87 72 45 96  7 87 68
40 91 30 21 83 13 56 44 66 56 40 27 51  0 33  3 21 90 45 47 25 30 43 97
75 59 89 61 96 29  2 59 58 39 69 21  1 33  0 33 35 61 42 36 43  7 84  6
79 18 76 80 74 11 60 22 30 53 12  6 91  3 33  0  0  0 48 62 59 29 94 82
 0 76 76 58 45 77 72 57 68 77 85 67 39 21 35  0  0 29  3  3 51 67 39 15
89 39 40 21 65 32 74 63 78 50 72 26 87 90 61  0 29  0 66 42 23 62 62 28
35 18 93 76 40 87 46  6 91 30  7 82 72 45 42 48  3 66  0 76 66 82 98 35
 9 57 56 72 54 67 13  0 13 58 49 44 45 47 36 62  3 42 76  0 15 17 77 44
 1 36  1 44 83 94 20 62 59 55 46 35 96 25 43 59 51 23 66 15  0 26 76 86
85 61 50 85 14 79 86 41 49 19 87  3  7 30  7 29 67 62 82 17 26  0 60 62
84 36  4 94 71  2  4 62 85 85 58 62 87 43 84 94 39 62 98 77 76 60  0 62
12 21 36 90 77 10 77 46 84 52 17  8 68 97  6 82 15 28 35 44 86 62 62  0
