23 0 1005738

 0 39 15 66 42 23 62 62 28 76 66 82 98 35 15 17 77 44 26 76 86 60 62
39  0 62 83 91 57 62 36  2  2 43 65 37 49 61  5 34 53 96 82 48 28 31
15 62  0 75  1 95  7 92 69 62 32 97  5 39 50 82 93 71 35 14 20 74 49
66 83 75  0 50 37 79 19 51 70 42 26 79 98 60 35  9 96 70 21 37 37 67
42 91  1 50  0 93 93 39  2 52 26 90 26  1 68 93  7 94 19 54 37  0 20
23 57 95 37 93  0 12 11 66 84 80  1 55  9 21 12 65  7 17 51 84 87  2
62 62  7 79 93 12  0 27 82 71 71 40 93 27 93 92 34 39 31 26  1 87 72
62 36 92 19 39 11 27  0 59 97 46 62 12 91 63 70  1 22 49 24 58 62 49
28  2 69 51  2 66 82 59  0 94 92 63 13 45 22 69 70 18  1 44 32  3 72
76  2 62 70 52 84 71 97 94  0 99 34 45 18 96 82 79 75 83 43 26 81 39
66 43 32 42 26 80 71 46 92 99  0 66 22 71 58 42 91 56 27 56 28 64 98
82 65 97 26 90  1 40 62 63 34 66  0 69 69 93 35 41 67 12 33  1 71 72
98 37  5 79 26 55 93 12 13 45 22 69  0 26 86 67 67 24 10 46 56 56 69
35 49 39 98  1  9 27 91 45 18 71 69 26  0 53 48 74 43 94 29 64 97 38
15 61 50 60 68 21 93 63 22 96 58 93 86 53  0 12 99 51 87 76 71 47 47
17  5 82 35 93 12 92 70 69 82 42 35 67 48 12  0  9 71 20 81 99 45 56
77 34 93  9  7 65 34  1 70 79 91 41 67 74 99  9  0 15 99 64 57 84 83
44 53 71 96 94  7 39 22 18 75 56 67 24 43 51 71 15  0 61 25 41  8 46
26 96 35 70 19 17 31 49  1 83 27 12 10 94 87 20 99 61  0 52 22 33 68
76 82 14 21 54 51 26 24 44 43 56 33 46 29 76 81 64 25 52  0 52 28 75
86 48 20 37 37 84  1 58 32 26 28  1 56 64 71 99 57 41 22 52  0 99  6
60 28 74 37  0 87 87 62  3 81 64 71 56 97 47 45 84  8 33 28 99  0 85
62 31 49 67 20  2 72 49 72 39 98 72 69 38 47 56 83 46 68 75  6 85  0

 0 21 95 82 56 41  6 25 10  4 63  6 44 40 75 79  0 89 35  9  1 85 84
21  0 12  0 26 91 11 35 82 26 69 56 86 45 91 59 18 76 39 18 57 36 61
95 12  0 36 21 71 11 29 82 82  6 71  8 77 74 30 89 76 76 40 93 56  1
82  0 36  0 50  4 36 27 85  2  1 15 11 35 11 20 21 61 80 58 21 76 72
56 26 21 50  0 44 85 94 90 51  3 48 29 90 66 41 15 83 96 74 45 65 40
41 91 71  4 44  0 54 83 14 71 77 36 53 37 26 87 76 91 13 29 11 77 32
 6 11 11 36 85 54  0 87 67 94 79  2 10 99 56 70 99 60  4 56  2 60 72
25 35 29 27 94 83 87  0 74 46 13 20 86  4 77 15 89 48 14 89 44 59 22
10 82 82 85 90 14 67 74  0 57 63  6  0 62 41 62 46 25 75 76 40 66 58
 4 26 82  2 51 71 94 46 57  0 30 68 78 91 13 59 49 85 84  8 38 41 56
63 69  6  1  3 77 79 13 63 30  0 39 53 77 50 30 58 55 19 85 52 34 53
 6 56 71 15 48 36  2 20  6 68 39  0 40 69 12 85 72  7 49 46 87 58 17
44 86  8 11 29 53 10 86  0 78 53 40  0 68 27 21  6 67 26 82 44 35  3
40 45 77 35 90 37 99  4 62 91 77 69 68  0 62  8 51  1 91 39 87 72 45
75 91 74 11 66 26 56 77 41 13 50 12 27 62  0 96  7 87 68 33  3 21 90
79 59 30 20 41 87 70 15 62 59 30 85 21  8 96  0 45 47 25 30 43 97 33
 0 18 89 21 15 76 99 89 46 49 58 72  6 51  7 45  0 35 61 42 36 43  7
89 76 76 61 83 91 60 48 25 85 55  7 67  1 87 47 35  0 84  6  0  0 48
35 39 76 80 96 13  4 14 75 84 19 49 26 91 68 25 61 84  0 62 59 29 94
 9 18 40 58 74 29 56 89 76  8 85 46 82 39 33 30 42  6 62  0 82 29  3
 1 57 93 21 45 11  2 44 40 38 52 87 44 87  3 43 36  0 59 82  0  3 51
85 36 56 76 65 77 60 59 66 41 34 58 35 72 21 97 43  0 29 29  3  0 67
84 61  1 72 40 32 72 22 58 56 53 17  3 45 90 33  7 48 94  3 51 67  0
