31 0 1945072

 0 94 29 64 97 38 12 99 51 87 76 71 47 47  9 71 20 81 99 45 56 15 99 64 57 84 83 61 25 41  8
94  0 46 52 22 33 68 52 28 75 99  6 85 65 47 90 24 79 70 28 19 87 80  4 21 34 12 20 67 24 94
29 46  0 10 64 52 92 49 68 65 66 28 81 17 58 99 90 70 17 57 37  2 37  3 43 20 68 35 60 23 48
64 52 10  0 40 10 42 83 82 27 49 15 34 50 42 26 33 23 16 69 97 13 35 80 40 55 30 22 76 55 56
97 22 64 40  0 91 74 82 96  2 13  4  4 35 48 29 42 56  3 30 60 81 37 42  3 17 25 37 26 88 95
38 33 52 10 91  0 55 53 62 22 44 86 43 43 40 36 53 34 59 43 50 58 62 43  9 22 64 46 68 53  8
12 68 92 42 74 55  0 30 30 92  6 13 95 76 81 91 37 78 90 64 49 46 19 60 93 35 47 69 54 87 12
99 52 49 83 82 53 30  0 39 33 54 12 10  4 88 54 46 82 84  8 29 10 92 62 62 74 48 22 85 23  3
51 28 68 82 96 62 30 39  0 30 12 98 69 29 61 34 53 98 94 33 77 31 54 71 78  8 78 50 76 56 80
87 75 65 27  2 22 92 33 30  0 72 26 20 57 39 68 55 71 19 32 87 41 94 21 21 20 61 13  5 46 97
76 99 66 49 13 44  6 54 12 72  0 61  8 92 33 73  0 16 73 74 44 55 96 67 94 83 28 22 78 55 89
71  6 28 15  4 86 13 12 98 26 61  0 11 99 84 56 30 90 87 80 20 66 59 93 79 80 28 68 99 54 69
47 85 81 34  4 43 95 10 69 20  8 11  0 99  1 49 63 23 33 99 40 29 60 95 28 44 30 88 66  9 41
47 65 17 50 35 43 76  4 29 57 92 99 99  0  3  4 63 61 87 34 28 55 63 10 78 17 90  0 66 62 30
 9 47 58 42 48 40 81 88 61 39 33 84  1  3  0 76  0 91 62 73 38 49 85 86 88 13 71 46 75 98 53
71 90 99 26 29 36 91 54 34 68 73 56 49  4 76  0 52 10 84 70 44  8 52 59 48 85 29 94 79  4 85
20 24 90 33 42 53 37 46 53 55  0 30 63 63  0 52  0 31 54 95 75 81 11 56 38 95 37 67 54 88 93
81 79 70 23 56 34 78 82 98 71 16 90 23 61 91 10 31  0 53 44 68 58 98 55 84 76 19 46 89 89  5
99 70 17 16  3 59 90 84 94 19 73 87 33 87 62 84 54 53  0 23 63 19 53 20 47 17 66 60 86 14 52
45 28 57 69 30 43 64  8 33 32 74 80 99 34 73 70 95 44 23  0 27 77  5 37 27 53 88 84 63  1 26
56 19 37 97 60 50 49 29 77 87 44 20 40 28 38 44 75 68 63 27  0 18 85 59 24 64 81 12 72 32 64
15 87  2 13 81 58 46 10 31 41 55 66 29 55 49  8 81 58 19 77 18  0 18 79 23 56 63  2 78  3 32
99 80 37 35 37 62 19 92 54 94 96 59 60 63 85 52 11 98 53  5 85 18  0  3  2 18 89 50 69 66 20
64  4  3 80 42 43 60 62 71 21 67 93 95 10 86 59 56 55 20 37 59 79  3  0 97 52 81 42 28 71 71
57 21 43 40  3  9 93 62 78 21 94 79 28 78 88 48 38 84 47 27 24 23  2 97  0 53 87 31 36 99 98
84 34 20 55 17 22 35 74  8 20 83 80 44 17 13 85 95 76 17 53 64 56 18 52 53  0 38 97 26 31 60
83 12 68 30 25 64 47 48 78 61 28 28 30 90 71 29 37 19 66 88 81 63 89 81 87 38  0 83 43 16 91
61 20 35 22 37 46 69 22 50 13 22 68 88  0 46 94 67 46 60 84 12  2 50 42 31 97 83  0 96 52 48
25 67 60 76 26 68 54 85 76  5 78 99 66 66 75 79 54 89 86 63 72 78 69 28 36 26 43 96  0 12 17
41 24 23 55 88 53 87 23 56 46 55 54  9 62 98  4 88 89 14  1 32  3 66 71 99 31 16 52 12  0 13
 8 94 48 56 95  8 12  3 80 97 89 69 41 30 53 85 93  5 52 26 64 32 20 71 98 60 91 48 17 13  0

 0 21 95 82 56 41  6 25 10  4 63  6 44 40 75 79  0 89 35  9  1 85 84 12  0 26 91 11 35 82 26
21  0 69 56 86 45 91 59 18 76 39 18 57 36 61 36 21 71 11 29 82 82  6 71  8 77 74 30 89 76 76
95 69  0 40 93 56  1 50  4 36 27 85  2  1 15 11 35 11 20 21 61 80 58 21 76 72 44 85 94 90 51
82 56 40  0  3 48 29 90 66 41 15 83 96 74 45 65 40 54 83 14 71 77 36 53 37 26 87 76 91 13 29
56 86 93  3  0 11 77 32 87 67 94 79  2 10 99 56 70 99 60  4 56  2 60 72 74 46 13 20 86  4 77
41 45 56 48 11  0 15 89 48 14 89 44 59 22 57 63  6  0 62 41 62 46 25 75 76 40 66 58 30 68 78
 6 91  1 29 77 15  0 91 13 59 49 85 84  8 38 41 56 39 53 77 50 30 58 55 19 85 52 34 53 40 69
25 59 50 90 32 89 91  0 12 85 72  7 49 46 87 58 17 68 27 21  6 67 26 82 44 35  3 62  8 51  1
10 18  4 66 87 48 13 12  0 91 39 87 72 45 96  7 87 68 33  3 21 90 45 47 25 30 43 97 33 35 61
 4 76 36 41 67 14 59 85 91  0 42 36 43  7 84  6  0  0 48 62 59 29 94 82 29  3  3 51 67 39 15
63 39 27 15 94 89 49 72 39 42  0 66 42 23 62 62 28 76 66 82 98 35 15 17 77 44 26 76 86 60 62
 6 18 85 83 79 44 85  7 87 36 66  0 62 83 91 57 62 36  2  2 43 65 37 49 61  5 34 53 96 82 48
44 57  2 96  2 59 84 49 72 43 42 62  0 28 31 75  1 95  7 92 69 62 32 97  5 39 50 82 93 71 35
40 36  1 74 10 22  8 46 45  7 23 83 28  0 14 20 74 49 50 37 79 19 51 70 42 26 79 98 60 35  9
75 61 15 45 99 57 38 87 96 84 62 91 31 14  0 96 70 21 37 37 67 93 93 39  2 52 26 90 26  1 68
79 36 11 65 56 63 41 58  7  6 62 57 75 20 96  0 93  7 94 19 54 37  0 20 12 11 66 84 80  1 55
 0 21 35 40 70  6 56 17 87  0 28 62  1 74 70 93  0  9 21 12 65  7 17 51 84 87  2 27 82 71 71
89 71 11 54 99  0 39 68 68  0 76 36 95 49 21  7  9  0 40 93 27 93 92 34 39 31 26  1 87 72 59
35 11 20 83 60 62 53 27 33 48 66  2  7 50 37 94 21 40  0 97 46 62 12 91 63 70  1 22 49 24 58
 9 29 21 14  4 41 77 21  3 62 82  2 92 37 37 19 12 93 97  0 62 49 94 92 63 13 45 22 69 70 18
 1 82 61 71 56 62 50  6 21 59 98 43 69 79 67 54 65 27 46 62  0  1 44 32  3 72 99 34 45 18 96
85 82 80 77  2 46 30 67 90 29 35 65 62 19 93 37  7 93 62 49  1  0 82 79 75 83 43 26 81 39 66
84  6 58 36 60 25 58 26 45 94 15 37 32 51 93  0 17 92 12 94 44 82  0 22 71 58 42 91 56 27 56
12 71 21 53 72 75 55 82 47 82 17 49 97 70 39 20 51 34 91 92 32 79 22  0 28 64 98 69 69 93 35
 0  8 76 37 74 76 19 44 25 29 77 61  5 42  2 12 84 39 63 63  3 75 71 28  0 41 67 12 33  1 71
26 77 72 26 46 40 85 35 30  3 44  5 39 26 52 11 87 31 70 13 72 83 58 64 41  0 72 26 86 67 67
91 74 44 87 13 66 52  3 43  3 26 34 50 79 26 66  2 26  1 45 99 43 42 98 67 72  0 24 10 46 56
11 30 85 76 20 58 34 62 97 51 76 53 82 98 90 84 27  1 22 22 34 26 91 69 12 26 24  0 56 69 53
35 89 94 91 86 30 53  8 33 67 86 96 93 60 26 80 82 87 49 69 45 81 56 69 33 86 10 56  0 48 74
82 76 90 13  4 68 40 51 35 39 60 82 71 35  1  1 71 72 24 70 18 39 27 93  1 67 46 69 48  0 43
26 76 51 29 77 78 69  1 61 15 62 48 35  9 68 55 71 59 58 18 96 66 56 35 71 67 56 53 74 43  0
